1502788448245 1088 4070 -530 -6 21 54
1502788448246 1100 4044 -476 16 -1 -67
1502788448247 1110 4062 -500 -9 12 29
1502788448248 1086 4070 -504 13 50 -96
1502788448249 1082 4090 -506 -1 8 22
1502788448250 1018 4100 -524 8 38 -63
1502788448251 1098 4062 -490 -8 58 -18
1502788448252 1102 4068 -508 -34 -5 7
1502788448253 1092 4054 -408 -25 22 -70
1502788448254 1064 4026 -456 -14 30 40
1502788448255 1028 4050 -492 0 39 -87
1502788448256 1032 4094 -452 -7 2 0
1502788448257 1048 4118 -534 -9 44 -48
1502788448258 1076 4112 -438 -16 21 11
1502788448259 1088 4046 -414 -4 -19 -30
1502788448260 1054 4062 -430 2 44 -20
1502788448261 1016 4070 -464 19 -6 -8
1502788448262 1052 4088 -480 30 30 0
1502788448263 1086 4094 -472 4 -8 -17
1502788448264 1082 4092 -398 28 2 -9
1502788448265 1068 4144 -472 34 15 25
1502788448266 1026 4120 -482 46 -2 -41
1502788448267 1020 4144 -512 35 15 30
1502788448268 1034 4168 -432 50 17 -31
1502788448269 1112 4110 -480 23 -2 22
1502788448270 1136 4106 -424 40 -25 27
1502788448271 1088 4118 -404 33 -6 -21
1502788448272 1070 4088 -504 35 17 17
1502788448273 1014 4128 -452 26 -21 -26
1502788448274 1050 4090 -536 28 12 -11
1502788448275 1070 4088 -462 21 -13 -22
1502788448276 1042 4112 -486 13 -18 12
1502788448277 1058 4094 -492 40 25 -32
1502788448278 1068 4074 -518 6 -14 12
1502788448279 1076 4078 -548 9 36 -44
1502788448280 1066 4042 -472 -16 12 -6
1502788448281 1042 4084 -492 8 17 -73
1502788448282 1068 4048 -520 -1 33 -11
1502788448283 1036 4074 -412 -4 11 9
1502788448284 1068 4102 -478 -4 37 -51
1502788448285 1068 4094 -450 -2 0 20
1502788448286 1078 4094 -438 0 46 -34
1502788448287 1058 4004 -444 -14 23 2
1502788448288 1020 4044 -468 16 -6 -27
1502788448289 1052 4098 -464 0 29 13
1502788448290 1056 4068 -408 17 20 -25
1502788448291 1078 4098 -432 9 -13 23
1502788448292 1056 4078 -458 30 43 -38
1502788448293 1048 4072 -456 3 0 10
1502788448294 1018 4046 -512 22 4 -9
1502788448295 1044 4108 -454 24 23 -34
1502788448296 1050 4088 -512 28 -19 29
1502788448297 1088 4110 -468 40 27 -25
1502788448298 1066 4102 -464 44 -18 38
1502788448299 1064 4122 -466 75 27 -41
1502788448300 1026 4104 -510 32 -19 13
1502788448301 1036 4082 -492 34 5 -26
1502788448302 1062 4122 -520 6 32 2
1502788448303 1066 4078 -548 9 -11 -33
1502788448304 1090 4074 -484 10 34 -4
1502788448305 1060 4070 -476 3 -27 -10
1502788448306 1060 4064 -506 11 35 -40
1502788448307 1048 4060 -494 20 -12 10
1502788448308 1112 4084 -486 16 31 -42
1502788448309 1066 4052 -574 9 4 -10
1502788448310 1050 4068 -466 30 30 -38
1502788448311 1060 4068 -490 14 31 -14
1502788448312 1062 4078 -510 20 8 -7
1502788448313 1058 4006 -478 0 59 -14
1502788448314 1032 4048 -480 0 12 -29
1502788448315 1078 4026 -470 0 59 -11
1502788448316 1094 4064 -504 1 11 -28
1502788448317 1084 4088 -428 12 1 -20
1502788448318 1078 4046 -442 9 71 -11
1502788448319 1106 4070 -412 12 -13 -50
1502788448320 1090 4072 -458 21 23 13
1502788448321 1084 4090 -464 19 13 -60
1502788448322 1076 4098 -418 39 21 12
1502788448323 1070 4102 -440 27 24 -53
1502788448324 1090 4120 -438 27 38 14
1502788448325 1122 4098 -480 44 9 -10
1502788448326 1096 4122 -486 45 27 -33
1502788448327 1050 4106 -484 45 -3 27
1502788448328 1062 4100 -512 41 20 -53
1502788448329 1042 4106 -470 33 7 13
1502788448330 1054 4120 -464 56 12 -32
1502788448331 1042 4120 -464 30 53 -4
1502788448332 1064 4100 -490 30 -3 -13
1502788448333 1072 4120 -508 19 22 -13
1502788448334 1094 4098 -492 24 27 -25
1502788448335 1098 4084 -526 26 -2 9
1502788448336 1080 4118 -466 17 32 -44
1502788448337 1070 4094 -482 18 9 -8
1502788448338 1074 4068 -540 9 29 -13
1502788448339 1020 4082 -476 14 32 -58
1502788448340 1100 4064 -510 -5 3 17
1502788448341 1062 4080 -446 12 45 -69
1502788448342 1066 4064 -462 -6 2 17
1502788448343 1040 4082 -478 3 37 -36
1502788448344 1086 4112 -426 -7 7 -11
1502788448345 1062 4102 -402 6 10 -16
1502788448346 1070 4092 -414 1 29 -39
1502788448347 1078 4082 -400 0 33 10
1502788448348 1056 4066 -444 20 -3 -23
1502788448349 1058 4072 -426 36 -19 10
1502788448350 1030 4072 -418 23 35 -33
1502788448351 1090 4078 -468 32 -12 1
1502788448353 1070 4086 -498 61 41 -19
1502788448353 1086 4090 -492 36 -15 10
1502788448354 1088 4088 -508 50 14 -33
1502788448355 1058 4090 -484 7 14 13
1502788448356 1068 4090 -520 22 16 -30
1502788448357 1072 4140 -504 3 -2 18
1502788448358 1066 4068 -520 3 25 -21
1502788448359 1098 4068 -440 19 -26 -16
1502788448360 1102 4106 -534 20 36 6
1502788448361 1100 4084 -446 34 -5 -47
1502788448362 1044 4140 -506 20 6 37
1502788448363 1052 4108 -478 27 32 -61
1502788448364 1106 4098 -500 -5 -23 42
1502788448365 1078 4070 -514 27 39 -42
1502788448366 1088 4080 -544 5 12 -20
1502788448367 1050 4080 -480 2 2 -5
1502788448368 1066 4070 -450 5 31 -27
1502788448369 1050 4082 -500 -17 -18 -8
1502788448370 1072 4098 -532 0 0 -20
1502788448371 1096 4044 -482 -13 28 -9
1502788448372 1054 4058 -468 -10 -14 -44
1502788448373 1054 4028 -484 -19 15 -4
1502788448374 1050 4072 -440 12 5 -39
1502788448375 1080 4078 -462 -1 10 2
1502788448376 1024 4082 -498 15 6 -41
1502788448377 1074 4086 -466 13 22 9
1502788448378 1046 4074 -536 7 15 -15
1502788448379 1052 4092 -432 9 -1 -32
1502788448380 1096 4054 -418 8 1 19
1502788448381 1052 4084 -522 5 8 -32
1502788448382 1058 4126 -480 21 -2 23
1502788448383 1080 4092 -510 41 8 -18
1502788448384 1088 4090 -486 24 11 29
1502788448385 1072 4082 -472 46 20 -11
1502788448386 1068 4068 -484 37 3 1
1502788448387 1070 4090 -444 48 27 -25
1502788448388 1076 4082 -424 13 4 21
1502788448389 1064 4118 -508 17 -2 -30
1502788448390 1080 4046 -506 17 27 5
1502788448391 1080 4058 -500 -3 19 -9
1502788448392 1066 4050 -470 18 7 -21
1502788448393 1098 4068 -512 28 13 21
1502788448394 1052 4124 -510 23 0 -46
1502788448395 1056 4072 -518 -3 27 27
1502788448396 1102 4068 -508 20 17 -69
1502788448397 1054 4070 -538 -10 -18 23
1502788448398 1072 4066 -544 22 25 -42
1502788448399 1062 4084 -462 0 6 -42
1502788448400 1068 4060 -458 10 55 1
1502788448401 1058 4040 -476 20 -14 -43
1502788448402 1050 4090 -538 1 39 4
1502788448403 1076 4086 -444 -5 20 -38
1502788448404 1090 4118 -444 -16 12 5
1502788448405 1040 4032 -466 -8 28 -57
1502788448406 1048 4120 -422 -25 4 -22
1502788448407 1058 4092 -490 -13 27 -45
1502788448408 1046 4078 -486 -14 18 23
1502788448409 1068 4062 -478 17 11 -63
1502788448410 1042 4094 -530 27 22 -28
1502788448411 1078 4088 -418 39 29 -5
1502788448412 1036 4070 -466 13 30 -20
1502788448413 1032 4070 -456 16 30 21
1502788448414 1072 4058 -524 23 28 -25
1502788448415 1040 4052 -454 12 21 18
1502788448416 1052 4110 -412 30 24 -15
1502788448417 1076 4116 -478 28 13 1
1502788448418 1060 4052 -554 23 32 -19
1502788448419 1098 4074 -514 20 12 1
1502788448420 1074 4068 -478 15 25 -11
1502788448421 1056 4118 -470 17 -14 -11
1502788448422 1096 4104 -472 6 35 4
1502788448423 1056 4080 -472 2 12 -44
1502788448424 1074 4130 -510 -2 13 -3
1502788448425 1032 4090 -454 13 42 -76
1502788448426 1076 4104 -482 -10 4 16
1502788448427 1042 4110 -442 -2 24 -40
1502788448428 1034 4080 -504 -21 11 16
1502788448429 1074 4108 -454 -17 13 -43
1502788448430 1066 4090 -496 -20 45 -14
1502788448431 1084 4086 -530 -9 17 -25
1502788448432 1044 4080 -484 -2 6 -31
1502788448433 1020 4092 -496 22 27 -22
1502788448434 1072 4106 -388 13 8 -27
1502788448435 1064 4098 -500 18 30 0
1502788448436 1046 4084 -438 24 7 -37
1502788448437 1092 4086 -410 15 34 2
1502788448438 1066 4090 -458 23 36 -48
1502788448439 1062 4078 -478 41 35 -71
1502788448440 1054 4094 -478 23 4 8
1502788448441 1056 4078 -444 40 29 -11
1502788448442 1034 4088 -436 38 25 -17
1502788448443 1052 4074 -480 44 10 -1
1502788448444 1026 4126 -486 25 21 -26
1502788448445 1034 4106 -438 43 6 -11
1502788448446 1074 4100 -482 24 31 -11
1502788448447 1044 4104 -498 34 -7 8
1502788448448 1100 4098 -440 49 50 -30
1502788448449 1054 4110 -490 32 0 3
1502788448450 1060 4094 -464 16 -14 -15
1502788448451 1090 4126 -496 10 26 14
1502788448452 1074 4148 -478 8 10 -43
1502788448453 1026 4088 -494 -7 -17 21
1502788448454 1062 4074 -468 -9 48 -28
1502788448455 1056 4124 -428 1 -8 -19
1502788448456 1054 4054 -526 21 46 2
1502788448457 1082 4070 -470 2 3 -37
1502788448458 1052 4100 -472 -6 12 16
1502788448459 1070 4090 -500 23 4 -55
1502788448460 1062 4100 -530 16 25 34
1502788448461 1048 4102 -496 16 19 -49
1502788448462 1084 4094 -432 -30 4 27
1502788448463 1044 4068 -484 -13 13 -44
1502788448464 1098 4064 -476 -27 30 0
1502788448465 1022 4102 -444 15 10 -5
1502788448466 1062 4052 -468 7 21 -17
1502788448467 1084 4070 -472 13 12 4
1502788448468 1072 4054 -484 19 16 -57
1502788448469 1030 4108 -466 19 -3 35
1502788448470 1074 4072 -500 29 17 -47
1502788448471 1048 4046 -490 -2 2 14
1502788448472 1050 4104 -462 26 7 -41
1502788448473 1066 4080 -508 3 30 23
1502788448474 1074 4104 -486 32 9 -11
1502788448475 1048 4074 -504 22 21 7
1502788448476 1080 4062 -504 33 18 2
1502788448477 1058 4064 -476 24 13 -26
1502788448478 1072 4084 -536 34 26 35
1502788448479 1088 4072 -530 41 -20 -27
1502788448480 1042 4090 -484 14 5 14
1502788448481 1098 4066 -504 15 30 -41
1502788448482 1080 4086 -496 -14 20 18
1502788448483 1078 4062 -478 21 22 -54
1502788448484 1062 4092 -490 7 0 30
1502788448485 1096 4088 -480 9 12 -30
1502788448486 1094 4070 -478 19 10 -28
1502788448487 1086 4094 -470 19 19 6
1502788448488 1086 4112 -514 12 24 -29
1502788448489 1052 4098 -538 19 3 -9
1502788448490 1070 4102 -468 32 28 -39
1502788448491 1082 4062 -428 2 -3 10
1502788448492 1074 4064 -538 30 14 -38
1502788448493 1078 4098 -514 35 25 17
1502788448494 1066 4068 -442 48 -3 -24
1502788448495 1054 4088 -486 27 25 3
1502788448496 1068 4060 -530 27 5 -25
1502788448497 1060 4050 -432 3 35 -18
1502788448498 1072 4078 -480 40 -10 1
1502788448499 1068 4072 -422 33 30 -23
1502788448500 1084 4062 -470 27 16 12
1502788448501 1044 4086 -478 17 13 -36
1502788448502 1072 4100 -422 5 21 -2
1502788448503 1028 4044 -452 28 19 -23
1502788448504 1060 4058 -482 11 28 31
1502788448505 1078 4068 -456 31 9 -65
1502788448506 1034 4038 -472 10 20 33
1502788448507 1070 4078 -470 8 17 -38
1502788448508 1040 4068 -506 30 22 -15
1502788448509 1082 4116 -530 5 4 -2
1502788448510 1046 4090 -490 -19 7 -44
1502788448511 1066 4098 -486 -6 42 6
1502788448512 1072 4060 -508 22 -10 -59
1502788448513 1052 4106 -504 15 13 19
1502788448514 1070 4106 -512 28 44 -39
1502788448515 1058 4104 -482 7 5 8
1502788448516 1118 4064 -548 18 15 -32
1502788448517 1040 4088 -524 8 -9 -14
1502788448518 1082 4062 -500 9 50 -7
1502788448519 1082 4094 -498 5 -31 -38
1502788448520 1090 4112 -418 17 21 12
1502788448521 1080 4080 -504 8 31 -40
1502788448522 1068 4070 -478 28 15 -12
1502788448523 1082 4104 -480 58 49 -34
1502788448524 1106 4144 -492 22 -16 10
1502788448525 1056 4068 -486 14 29 -32
1502788448526 1090 4110 -470 -9 9 31
1502788448527 1086 4098 -452 16 16 -54
1502788448528 1088 4090 -482 -2 37 21
1502788448529 1066 4072 -504 17 6 -46
1502788448530 1104 4052 -484 34 47 -15
1502788448531 1062 4088 -468 10 -6 23
1502788448532 1076 4072 -462 18 36 -57
1502788448533 1104 4070 -518 18 7 55
1502788448534 1044 4104 -496 4 24 -68
1502788448535 1064 4066 -422 8 31 23
1502788448536 1054 4102 -498 11 16 -30
1502788448537 1084 4074 -478 -18 12 3
1502788448538 1058 4098 -514 -10 45 -20
1502788448539 1054 4098 -512 10 18 -22
1502788448540 1068 4112 -504 3 18 -14
1502788448541 1080 4092 -456 21 23 -22
1502788448542 1096 4092 -452 -5 15 2
1502788448543 1066 4094 -464 12 15 -46
1502788448544 1096 4102 -436 -6 16 21
1502788448545 1028 4122 -464 12 63 -43
1502788448546 1076 4132 -494 14 -20 6
1502788448547 1084 4080 -462 19 28 -49
1502788448548 1060 4092 -518 -4 15 10
1502788448549 1048 4104 -388 13 9 -35
1502788448550 1068 4064 -436 15 30 5
1502788448551 1066 4092 -532 25 4 -5
1502788448552 1060 4062 -414 33 1 -36
1502788448553 1048 4094 -510 23 21 0
1502788448554 1076 4070 -424 29 0 -53
1502788448555 1040 4110 -442 17 15 16
1502788448556 1040 4078 -454 0 -10 -32
1502788448557 1104 4060 -494 -2 25 23
1502788448558 1094 4120 -436 -6 1 -53
1502788448559 1082 4098 -492 -7 6 -3
1502788448560 1072 4094 -452 5 24 -9
1502788448561 1086 4086 -458 20 7 11
1502788448562 1074 4046 -470 32 35 -18
1502788448563 1042 4072 -462 33 1 -22
1502788448564 1076 4106 -494 11 19 10
1502788448565 1064 4088 -424 24 48 -34
1502788448566 1080 4084 -428 6 -10 21
1502788448567 1052 4126 -486 13 27 -29
1502788448568 1040 4068 -482 15 38 13
1502788448569 1048 4100 -496 28 15 -49
1502788448570 1094 4058 -506 5 13 41
1502788448571 1066 4124 -520 19 34 -42
1502788448572 1076 4092 -444 9 -10 -11
1502788448573 1044 4102 -480 12 10 20
1502788448574 1070 4122 -478 12 18 -38
1502788448575 1056 4082 -470 13 -31 26
1502788448576 1084 4118 -530 24 41 -55
1502788448577 1016 4086 -476 6 -23 23
1502788448578 1058 4094 -524 22 6 -23
1502788448579 1056 4070 -476 -21 32 34
1502788448580 1022 4108 -476 22 9 -46
1502788448581 1044 4040 -424 29 37 16
1502788448582 1042 4084 -492 51 -22 -7
1502788448583 1072 4068 -492 39 44 -27
1502788448584 1076 4080 -490 24 -23 12
1502788448585 1056 4080 -484 43 43 -48
1502788448586 1084 4044 -458 10 -2 26
1502788448587 1058 4090 -512 36 8 -57
1502788448588 1068 4072 -500 4 26 27
1502788448589 1094 4070 -508 29 5 -48
1502788448590 1046 4098 -524 11 7 33
1502788448591 1090 4046 -464 30 7 -50
1502788448592 1040 4070 -506 20 22 8
1502788448593 1076 4090 -482 26 3 -22
1502788448594 1078 4104 -436 24 13 -38
1502788448595 1066 4098 -462 21 -7 39
1502788448596 1056 4072 -462 39 31 -67
1502788448597 1050 4052 -472 32 24 31
1502788448598 1094 4102 -566 43 17 -41
1502788448599 1056 4048 -426 16 -2 -14
1502788448600 1046 4116 -538 40 27 -30
1502788448601 1042 4088 -518 23 5 2
1502788448602 1068 4094 -500 57 25 -44
1502788448603 1078 4084 -506 20 -12 27
1502788448604 1036 4072 -508 20 16 -36
1502788448605 1040 4070 -506 21 -5 -20
1502788448606 1060 4112 -490 21 8 35
1502788448607 1070 4100 -452 38 4 -76
1502788448608 1064 4084 -468 19 45 23
1502788448609 1058 4108 -462 31 12 -51
1502788448610 1068 4082 -494 12 18 16
1502788448611 1040 4106 -534 15 20 -19
1502788448612 1072 4084 -494 1 -10 -21
1502788448613 1070 4094 -500 12 32 -11
1502788448614 1060 4052 -500 29 -2 -10
1502788448615 1062 4088 -484 11 21 -15
1502788448616 1076 4122 -466 18 21 -9
1502788448617 1058 4088 -480 6 -5 10
1502788448618 1020 4100 -458 18 35 -26
1502788448619 1052 4084 -472 26 10 -5
1502788448620 1102 4072 -444 25 19 -40
1502788448621 1090 4082 -518 16 37 8
1502788448622 1082 4106 -504 9 23 -45
1502788448623 1078 4110 -500 1 -16 32
1502788448624 1078 4062 -492 12 59 -56
1502788448625 1078 4080 -492 -3 8 20
1502788448626 1080 4070 -446 13 28 -14
1502788448627 1068 4078 -444 9 4 -39
1502788448628 1064 4110 -462 13 40 18
1502788448629 1050 4110 -532 13 13 -56
1502788448630 1074 4130 -540 -10 8 22
1502788448631 1092 4098 -532 11 33 -48
1502788448632 1062 4124 -504 9 22 -1
1502788448633 1086 4104 -480 18 9 -10
1502788448634 1086 4092 -464 6 20 1
1502788448635 1070 4110 -482 14 9 -36
1502788448636 1052 4126 -494 4 9 -2
1502788448637 1060 4046 -446 3 33 -7
1502788448638 1090 4102 -534 -4 0 -54
1502788448639 1082 4098 -538 28 18 4
1502788448640 1088 4082 -490 6 36 -58
1502788448641 1076 4094 -524 5 -21 23
1502788448642 1076 4092 -426 29 41 -36
1502788448643 1088 4070 -446 10 -9 14
1502788448644 1078 4066 -500 8 53 -37
1502788448645 1086 4082 -432 -8 -7 21
1502788448646 1096 4098 -476 14 31 -22
1502788448647 1060 4102 -452 -3 21 -21
1502788448648 1070 4084 -436 19 -3 38
1502788448649 1060 4112 -544 37 12 -74
1502788448650 1056 4090 -490 18 -5 26
1502788448651 1074 4080 -418 30 56 -61
1502788448652 1052 4078 -484 10 -1 4
1502788448653 1086 4066 -390 30 53 -39
1502788448654 1082 4128 -482 23 0 13
1502788448655 1110 4100 -508 10 33 -59
1502788448656 1048 4090 -468 12 22 2
1502788448657 1046 4084 -496 26 18 -15
1502788448658 1086 4132 -466 30 29 -32
1502788448659 1072 4058 -504 22 22 -14
1502788448660 1078 4106 -486 17 1 -23
1502788448661 1054 4100 -442 5 36 19
1502788448662 1088 4060 -450 21 9 -58
1502788448663 1048 4084 -524 -2 12 47
1502788448664 1078 4106 -508 5 26 -81
1502788448665 1062 4084 -498 -21 12 44
1502788448666 1060 4088 -506 14 17 -83
1502788448667 1084 4100 -450 27 18 10
1502788448668 1086 4072 -478 30 32 -6
1502788448669 1078 4116 -466 19 -20 -42
1502788448670 1076 4074 -430 18 53 35
1502788448671 1074 4102 -494 30 1 -84
1502788448672 1094 4072 -444 11 17 23
1502788448673 1064 4100 -482 9 17 -43
1502788448674 1086 4074 -484 -8 33 13
1502788448675 1082 4084 -444 26 14 -45
1502788448676 1062 4088 -438 1 19 27
1502788448677 1046 4052 -458 0 22 -36
1502788448678 1064 4094 -424 3 11 -12
1502788448679 1042 4062 -424 9 23 8
1502788448680 1046 4070 -510 3 1 -23
1502788448681 1088 4098 -458 22 4 28
1502788448682 1032 4062 -458 30 9 -78
1502788448683 1058 4072 -436 11 -8 44
1502788448684 1050 4086 -430 37 23 -39
1502788448685 1048 4064 -490 26 -9 11
1502788448686 1032 4098 -446 37 29 -19
1502788448687 1058 4092 -466 19 -25 -11
1502788448688 1068 4070 -496 22 43 -16
1502788448689 1082 4066 -382 6 -5 -14
1502788448690 1092 4070 -424 25 14 -8
1502788448691 1068 4100 -490 7 10 -11
1502788448692 1046 4090 -514 11 6 1
1502788448693 1046 4088 -478 11 26 -5
1502788448694 1090 4032 -476 24 -1 -9
1502788448695 1052 4110 -484 33 19 -31
1502788448696 1068 4074 -486 -8 7 4
1502788448697 1070 4110 -540 11 -1 -36
1502788448698 1068 4094 -530 11 26 35
1502788448699 1094 4082 -496 24 7 -56
1502788448700 1058 4112 -498 11 16 15
1502788448701 1058 4094 -480 28 1 -17
1502788448702 1064 4082 -500 18 6 -40
1502788448703 1072 4120 -470 31 25 38
1502788448704 1072 4080 -444 32 14 -71
1502788448705 1076 4050 -498 25 11 38
1502788448706 1064 4080 -536 20 8 -39
1502788448707 1066 4092 -504 31 24 -11
1502788448708 1082 4066 -558 41 -4 -8
1502788448709 1070 4090 -494 19 12 -37
1502788448710 1076 4068 -504 54 13 4
1502788448711 1030 4074 -508 19 19 -31
1502788448712 1042 4084 -436 23 24 19
1502788448713 1076 4074 -522 35 12 -48
1502788448714 1056 4122 -530 24 10 14
1502788448715 1036 4068 -494 45 29 -22
1502788448716 1068 4090 -454 34 6 -3
1502788448717 1102 4100 -430 22 32 -17
1502788448718 1036 4108 -514 9 45 -13
1502788448719 1078 4144 -468 13 -10 -46
1502788448720 1060 4068 -468 -3 33 16
1502788448721 1080 4084 -496 0 -24 -35
1502788448722 1074 4068 -492 9 37 -15
1502788448723 1062 4080 -430 3 -5 9
1502788448724 1042 4120 -462 29 14 -39
1502788448725 1066 4098 -504 17 -12 18
1502788448726 1042 4100 -464 42 14 -19
1502788448727 1068 4100 -478 10 35 -11
1502788448728 1080 4066 -498 3 7 -32
1502788448729 1094 4120 -478 -16 14 15
1502788448730 1074 4090 -476 22 14 -30
1502788448731 1066 4088 -524 15 -5 20
1502788448732 1064 4068 -496 19 11 -40
1502788448733 1048 4070 -524 13 27 6
1502788448734 1074 4066 -462 28 -4 -10
1502788448735 1050 4104 -530 34 13 -36
1502788448736 1098 4094 -470 17 1 23
1502788448737 1052 4066 -486 16 21 -42
1502788448738 1080 4100 -498 -4 24 8
1502788448739 1038 4110 -512 25 12 -16
1502788448740 1060 4062 -498 2 9 0
1502788448741 1088 4082 -470 13 -4 27
1502788448742 1094 4086 -464 27 34 -52
1502788448743 1064 4142 -504 25 19 3
1502788448744 1064 4104 -496 27 22 -6
1502788448745 1084 4100 -508 29 36 -44
1502788448746 1068 4140 -526 17 25 17
1502788448747 1056 4090 -490 21 14 -42
1502788448748 1026 4122 -498 19 14 31
1502788448749 1058 4120 -524 19 5 -29
1502788448750 1078 4084 -522 25 21 -2
1502788448751 1096 4058 -500 21 -6 -16
1502788448752 1080 4086 -422 17 33 25
1502788448753 1088 4092 -436 22 -22 -22
1502788448754 1058 4086 -492 8 39 27
1502788448755 1066 4088 -526 10 16 -21
1502788448756 1064 4068 -522 3 6 -28
1502788448757 1060 4062 -484 12 41 26
1502788448758 1050 4090 -490 25 3 -59
1502788448759 1070 4090 -522 15 21 13
1502788448760 1058 4068 -538 12 8 -21
1502788448761 1038 4084 -482 7 20 13
1502788448762 1058 4084 -490 24 26 -31
1502788448763 1056 4078 -522 4 5 18
1502788448764 1056 4080 -458 -2 19 -33
1502788448765 1100 4106 -512 -5 -4 0
1502788448766 1068 4130 -444 0 23 -1
1502788448767 1084 4086 -482 22 -11 -28
1502788448768 1080 4112 -430 16 15 10
1502788448769 1078 4078 -466 13 7 -51
1502788448770 1038 4066 -486 5 -16 24
1502788448771 1112 4088 -462 38 45 -59
1502788448772 1030 4090 -540 18 25 19
1502788448773 1080 4088 -478 41 8 -38
1502788448774 1080 4070 -504 13 35 -9
1502788448775 1044 4058 -486 5 -14 -23
1502788448776 1052 4122 -466 12 34 -31
1502788448777 1068 4044 -498 10 2 8
1502788448778 1062 4086 -424 16 47 -34
1502788448779 1058 4088 -558 3 12 -9
1502788448780 1036 4050 -498 3 30 -22
1502788448781 1080 4102 -466 20 10 -27
1502788448782 1042 4110 -470 8 37 -15
1502788448783 1068 4064 -468 17 27 14
1502788448784 1056 4084 -462 27 0 -49
1502788448785 1056 4108 -496 10 44 -4
1502788448786 1038 4046 -546 8 0 -14
1502788448787 1012 4090 -432 -5 25 -29
1502788448788 1044 4098 -450 16 -9 19
1502788448789 1038 4102 -494 15 17 -63
1502788448790 1054 4044 -550 -3 2 21
1502788448791 1086 4090 -534 30 24 -43
1502788448792 1046 4066 -484 6 11 21
1502788448793 1062 4062 -498 11 20 -46
1502788448794 1066 4060 -496 -8 -5 14
1502788448795 1040 4082 -482 3 53 -38
1502788448796 1062 4072 -426 14 4 1
1502788448797 1096 4064 -490 7 10 -32
1502788448798 1034 4058 -540 0 36 -4
1502788448799 1040 4060 -472 22 -7 -34
1502788448800 1070 4112 -456 34 25 -7
1502788448801 1030 4086 -476 22 13 -10
1502788448802 1084 4074 -512 17 12 -32
1502788448803 1034 4090 -456 -1 4 11
1502788448804 1062 4102 -442 15 25 -34
1502788448805 1038 4066 -446 -15 22 34
1502788448806 1068 4082 -446 13 38 -42
1502788448807 1072 4100 -438 7 21 -4
1502788448808 1076 4104 -444 2 33 -10
1502788448809 1106 4064 -414 12 -1 -36
1502788448810 1068 4084 -470 11 30 29
1502788448811 1078 4090 -520 29 5 -27
1502788448812 1064 4084 -452 4 5 25
1502788448813 1078 4062 -426 3 22 -47
1502788448814 1060 4100 -498 7 4 10
1502788448815 1070 4060 -408 6 15 -39
1502788448816 1052 4060 -462 1 1 27
1502788448817 1054 4064 -468 22 1 -39
1502788448818 1056 4068 -476 25 36 -2
1502788448819 1046 4084 -436 28 -25 4
1502788448820 1084 4064 -482 33 41 -42
1502788448821 1064 4092 -514 15 4 22
1502788448822 1018 4092 -510 45 16 -44
1502788448823 1064 4072 -400 13 12 -9
1502788448824 1076 4102 -494 26 31 -5
1502788448825 1062 4084 -446 2 -16 -5
1502788448826 1076 4074 -442 13 53 -28
1502788448827 1080 4104 -442 -1 -2 19
1502788448828 1050 4080 -418 -12 18 -23
1502788448829 1050 4094 -412 0 23 -22
1502788448830 1058 4106 -492 6 5 17
1502788448831 1058 4078 -414 24 33 -68
1502788448832 1080 4118 -548 14 0 35
1502788448833 1050 4072 -500 39 16 -52
1502788448834 1060 4068 -444 33 8 21
1502788448835 1054 4070 -478 54 2 -32
1502788448836 1060 4088 -532 26 -8 -6
1502788448837 1074 4080 -466 12 21 -37
1502788448838 1084 4080 -458 28 8 14
1502788448839 1078 4070 -438 34 16 -11
1502788448840 1066 4084 -428 28 6 -12
1502788448841 1104 4080 -458 19 -3 4
1502788448842 1086 4112 -522 11 38 -30
1502788448843 1064 4090 -498 12 6 8
1502788448844 1054 4104 -470 29 13 -27
1502788448845 1062 4122 -452 27 0 15
1502788448846 1054 4112 -506 19 14 -53
1502788448847 1046 4078 -496 -1 24 24
1502788448848 1062 4066 -426 10 1 -51
1502788448849 1068 4090 -512 28 20 25
1502788448850 1096 4080 -506 -8 -14 4
1502788448851 1078 4094 -518 3 28 -26
1502788448852 1064 4094 -500 0 6 32
1502788448853 1050 4084 -458 13 20 -67
1502788448854 1086 4118 -444 22 10 36
1502788448855 1066 4126 -560 32 34 -30
1502788448856 1048 4100 -504 15 -1 2
1502788448857 1048 4082 -452 10 28 -22
1502788448858 1106 4092 -478 3 -10 2
1502788448859 1082 4126 -510 7 6 -42
1502788448860 1086 4098 -452 18 -3 9
1502788448861 1082 4070 -538 11 0 -2
1502788448862 1054 4090 -466 25 -14 -41
1502788448863 1044 4106 -498 24 16 28
1502788448864 1060 4088 -520 41 -10 -52
1502788448865 1094 4072 -500 28 30 9
1502788448866 1052 4068 -524 45 4 -8
1502788448867 1072 4072 -458 7 16 2
1502788448868 1080 4072 -442 -11 2 -38
1502788448869 1060 4068 -490 -12 30 10
1502788448870 1072 4082 -450 -2 6 -29
1502788448871 1074 4080 -472 -5 28 -12
1502788448872 1046 4118 -492 17 22 10
1502788448873 1060 4098 -496 18 0 -23
1502788448874 1080 4098 -490 23 47 27
1502788448875 1084 4112 -498 23 33 -50
1502788448876 1054 4102 -422 28 12 35
1502788448877 1082 4094 -436 29 15 -37
1502788448878 1078 4084 -484 36 12 25
1502788448879 1070 4070 -530 19 2 -26
1502788448880 1030 4090 -476 -2 20 35
1502788448882 1060 4074 -470 10 16 -22
1502788448882 1064 4084 -526 11 32 -30
1502788448883 1066 4078 -482 27 10 7
1502788448884 1068 4072 -458 1 45 -45
1502788448885 1054 4054 -498 4 4 7
1502788448886 1080 4106 -446 13 35 -29
1502788448887 1118 4100 -472 -9 12 -17
1502788448888 1060 4080 -464 15 30 -13
1502788448889 1070 4068 -412 0 1 -6
1502788448890 1076 4094 -496 20 30 -21
1502788448891 1054 4086 -476 1 -11 14
1502788448892 1076 4086 -506 19 37 -34
1502788448893 1054 4110 -508 24 21 0
1502788448894 1090 4118 -482 13 19 -7
1502788448895 1062 4074 -524 25 4 -39
1502788448896 1074 4048 -462 10 31 27
1502788448897 1050 4074 -534 16 6 -36
1502788448898 1056 4078 -500 12 30 -7
1502788448899 1078 4120 -576 9 27 -33
1502788448900 1068 4040 -454 -3 -16 26
1502788448901 1050 4068 -428 -1 65 -53
1502788448902 1054 4098 -454 2 -9 13
1502788448903 1056 4104 -482 1 23 -47
1502788448904 1070 4032 -478 -10 30 -41
1502788448905 1092 4030 -562 -1 12 33
1502788448906 1058 4072 -438 -7 48 -68
1502788448907 1062 4074 -508 -26 -10 26
1502788448908 1052 4054 -522 10 33 -55
1502788448909 1064 4094 -424 -14 2 -3
1502788448910 1058 4084 -432 20 25 -21
1502788448911 1066 4128 -518 0 -9 -14
1502788448912 1068 4122 -486 3 38 -35
1502788448913 1046 4080 -496 3 1 -3
1502788448914 1112 4102 -418 17 36 -16
1502788448915 1028 4120 -508 16 -12 -6
1502788448916 1064 4094 -498 -11 15 16
1502788448917 1066 4088 -446 13 12 -40
1502788448918 1078 4078 -490 9 9 18
1502788448919 1076 4058 -480 27 24 -65
1502788448920 1094 4090 -498 11 10 21
1502788448921 1076 4098 -482 9 17 -58
1502788448922 1092 4078 -414 -13 14 14
1502788448923 1084 4098 -500 14 -9 -44
1502788448924 1030 4080 -458 3 43 4
1502788448925 1052 4082 -482 22 -9 -23
1502788448926 1062 4086 -430 -14 14 -39
1502788448927 1054 4070 -472 9 25 24
1502788448928 1040 4092 -498 9 -2 -37
1502788448929 1078 4128 -404 5 24 20
1502788448930 1048 4108 -500 3 10 -39
1502788448931 1092 4118 -478 -3 27 28
1502788448932 1070 4112 -524 6 -13 -30
1502788448933 1038 4092 -492 8 24 6
1502788448934 1064 4112 -446 40 19 -14
1502788448935 1070 4074 -486 36 21 -16
1502788448936 1044 4124 -512 37 10 -1
1502788448937 1072 4086 -468 28 20 -46
1502788448938 1052 4084 -476 21 7 14
1502788448939 1050 4108 -494 12 16 -65
1502788448940 1022 4112 -438 16 5 4
1502788448941 1066 4120 -486 12 14 -28
1502788448942 1054 4106 -518 17 -6 29
1502788448943 1054 4066 -430 23 37 -41
1502788448944 1088 4090 -520 40 -6 -2
1502788448945 1084 4052 -476 40 2 -24
1502788448946 1074 4066 -470 22 32 -5
1502788448947 1076 4064 -522 37 5 -8
1502788448948 1076 4074 -538 36 22 -16
1502788448949 1096 4124 -458 1 -6 0
1502788448950 1072 4062 -446 7 27 -39
1502788448951 1078 4064 -534 7 -6 10
1502788448952 1056 4080 -452 35 13 -21
1502788448953 1048 4100 -478 7 7 -2
1502788448954 1058 4064 -476 25 -8 -36
1502788448955 1032 4092 -418 12 -1 21
1502788448956 1054 4080 -454 24 15 -25
1502788448957 1074 4102 -520 24 8 -21
1502788448958 1056 4082 -496 42 35 28
1502788448959 1082 4102 -504 58 -3 -36
1502788448960 1064 4080 -468 38 13 9
1502788448961 1038 4084 -486 40 30 -31
1502788448962 1062 4098 -436 40 -4 24
1502788448963 1090 4068 -478 26 20 -26
1502788448964 1058 4110 -484 33 37 19
1502788448965 1096 4082 -462 40 21 -58
1502788448966 1060 4064 -458 10 23 33
1502788448967 1052 4046 -492 3 25 -23
1502788448968 1036 4108 -524 27 18 -4
1502788448969 1108 4078 -506 13 -3 2
1502788448970 1068 4106 -456 19 49 -46
1502788448971 1080 4064 -464 14 -4 33
1502788448972 1092 4090 -486 48 18 -53
1502788448973 1062 4080 -486 4 11 11
1502788448974 1062 4062 -482 28 -12 -44
1502788448975 1082 4058 -482 10 32 18
1502788448976 1060 4070 -462 43 8 -30
1502788448977 1080 4128 -498 25 21 10
1502788448978 1062 4092 -520 31 22 -7
1502788448979 1064 4098 -442 22 -9 -19
1502788448980 1050 4064 -530 29 19 13
1502788448981 1072 4060 -520 21 30 -28
1502788448982 1066 4092 -538 27 4 0
1502788448983 1052 4054 -480 30 43 -18
1502788448984 1074 4102 -532 16 3 2
1502788448985 1068 4084 -534 2 30 -40
1502788448986 1090 4102 -518 -3 17 29
1502788448987 1078 4054 -472 1 18 -47
1502788448988 1068 4088 -484 24 7 19
1502788448989 1080 4054 -522 17 15 -36
1502788448990 1052 4066 -444 -1 20 -27
1502788448991 1060 4072 -478 12 30 15
1502788448992 1066 4082 -470 27 0 -57
1502788448993 1040 4120 -486 30 1 27
1502788448994 1026 4088 -462 48 26 -58
1502788448995 1096 4094 -486 28 5 16
1502788448996 1060 4068 -484 38 24 -23
1502788448997 1068 4082 -486 24 6 6
1502788448998 1082 4112 -458 14 16 -31
1502788448999 1066 4088 -526 8 12 -36
1502788449000 1078 4068 -506 -3 -5 2
1502788449001 1076 4052 -492 3 45 -60
1502788449002 1060 4070 -466 18 7 22
1502788449003 1064 4088 -456 59 15 -28
1502788449004 1078 4086 -514 52 11 -6
1502788449005 1064 4102 -508 36 21 -8
1502788449006 1066 4080 -496 11 24 -12
1502788449007 1076 4086 -484 9 18 -12
1502788449008 1104 4118 -416 5 2 -6
1502788449009 1064 4120 -442 -4 22 -26
1502788449010 1060 4090 -478 -7 7 -10
1502788449011 1064 4078 -524 -11 25 -21
1502788449012 1088 4158 -462 -2 10 -12
1502788449013 1068 4094 -486 1 22 5
1502788449014 1058 4090 -464 17 -7 -53
1502788449015 1068 4080 -558 -17 18 10
1502788449016 1104 4078 -530 24 1 -51
1502788449017 1042 4112 -496 15 7 6
1502788449018 1028 4084 -540 12 35 -52
1502788449019 1074 4130 -486 6 23 -2
1502788449020 1100 4092 -514 -4 9 -37
1502788449021 1086 4094 -438 4 27 -12
1502788449022 1092 4102 -476 7 19 4
1502788449023 1070 4138 -476 4 10 -42
1502788449024 1048 4086 -484 1 21 25
1502788449025 1064 4100 -462 14 18 -65
1502788449026 1072 4072 -480 -12 20 29
1502788449027 1050 4082 -454 10 45 -48
1502788449028 1052 4080 -472 1 0 19
1502788449029 1070 4078 -436 -1 23 -15
1502788449030 1070 4118 -548 -11 25 2
1502788449031 1086 4060 -442 0 -2 -9
1502788449032 1058 4064 -478 -2 13 -35
1502788449033 1046 4074 -520 26 9 -1
1502788449034 1050 4112 -498 13 18 -23
1502788449035 1088 4082 -536 27 18 -2
1502788449036 1086 4118 -456 10 15 -3
1502788449037 1060 4126 -450 21 29 -22
1502788449038 1080 4058 -498 -3 -2 -17
1502788449039 1112 4120 -504 -7 29 -1
1502788449040 1078 4098 -476 -3 -5 -38
1502788449041 1068 4064 -452 -8 8 -5
1502788449042 1060 4104 -532 1 33 -36
1502788449043 1076 4118 -404 20 21 -26
1502788449044 1072 4124 -478 25 -6 -15
1502788449045 1068 4098 -458 16 29 12
1502788449046 1052 4066 -472 10 4 -51
1502788449047 1094 4084 -492 2 15 41
1502788449048 1058 4104 -450 34 0 -40
1502788449049 1062 4088 -470 14 16 15
1502788449050 1046 4132 -464 23 19 -25
1502788449051 1026 4126 -430 -2 1 0
1502788449052 1052 4110 -482 -7 14 -4
1502788449053 1054 4046 -522 7 -6 -9
1502788449054 1042 4060 -450 10 44 -15
1502788449055 1064 4086 -518 10 1 -18
1502788449056 1076 4100 -478 21 -2 -14
1502788449057 1046 4072 -418 14 31 -23
1502788449058 1038 4104 -478 15 10 -3
1502788449059 1052 4118 -490 48 27 -32
1502788449060 1044 4064 -428 22 5 9
