1502788454765 1100 4004 -500 -25 20 1
1502788454766 1060 4034 -466 -1 48 -62
1502788454767 1032 4112 -436 -3 23 -15
1502788454768 1076 4142 -442 -32 35 -34
1502788454769 1132 4092 -456 -30 21 -18
1502788454770 1110 4064 -404 -32 7 -16
1502788454771 1096 4052 -404 -27 38 -30
1502788454772 1062 4070 -414 -31 -15 -2
1502788454773 1050 4126 -446 -18 47 -64
1502788454774 1058 4138 -442 1 12 16
1502788454775 1064 4146 -432 7 10 -41
1502788454776 1092 4104 -426 23 23 -9
1502788454777 1066 4112 -458 19 8 4
1502788454778 1022 4120 -520 40 23 -27
1502788454779 1018 4116 -496 9 -1 42
1502788454780 1030 4108 -560 19 14 -18
1502788454781 1108 4082 -468 7 13 34
1502788454782 1076 4078 -524 22 -23 -27
1502788454783 1020 4084 -482 -9 66 17
1502788454784 1002 4082 -538 1 -4 -6
1502788454785 1016 4110 -482 6 36 -21
1502788454786 1074 4086 -458 10 14 35
1502788454787 1140 4110 -462 28 -12 -33
1502788454788 1146 4124 -444 16 3 28
1502788454789 1108 4078 -418 65 -23 -6
1502788454790 1066 4108 -484 32 -6 -1
1502788454791 994 4042 -550 39 2 -34
1502788454792 1020 4068 -512 27 7 31
1502788454793 1020 4068 -510 1 27 -41
1502788454794 1034 4060 -490 -13 8 10
1502788454795 1050 4102 -496 -30 23 -9
1502788454796 1086 4094 -538 -33 27 -46
1502788454797 1054 4054 -506 -19 0 21
1502788454798 1028 4020 -490 -24 48 -58
1502788454799 1064 4026 -472 -25 9 -1
1502788454800 1044 4042 -470 -12 22 -43
1502788454801 1062 4086 -464 -15 28 -16
1502788454802 1076 4094 -418 8 11 -49
1502788454803 1080 4088 -490 -23 14 5
1502788454804 1056 4064 -444 11 4 -42
1502788454805 1012 4078 -394 30 21 -20
1502788454806 1012 4074 -470 31 21 -16
1502788454807 986 4098 -462 51 36 -40
1502788454808 1048 4098 -494 31 19 34
1502788454809 1084 4128 -500 51 -25 -55
1502788454810 1048 4092 -390 36 43 35
1502788454811 1062 4108 -484 22 -4 -25
1502788454812 1044 4084 -492 23 39 25
1502788454813 1066 4088 -440 33 15 -17
1502788454814 1092 4110 -458 15 -37 7
1502788454815 1068 4164 -468 33 17 -2
1502788454816 1046 4106 -496 44 11 13
1502788454817 1020 4110 -494 25 -3 -6
1502788454818 1034 4104 -478 34 -1 -39
1502788454819 1038 4142 -520 29 10 -4
1502788454820 1034 4104 -484 40 3 -18
1502788454821 1068 4084 -446 28 15 10
1502788454822 1080 4098 -544 38 3 -36
1502788454823 1066 4070 -476 1 19 27
1502788454824 1076 4042 -452 24 26 -51
1502788454825 1028 4022 -518 19 2 8
1502788454826 1050 4020 -468 -4 19 -53
1502788454827 1064 4068 -472 19 10 -6
1502788454828 1036 4090 -494 6 20 -6
1502788454829 1042 4074 -524 23 36 -42
1502788454830 1072 4072 -464 2 27 18
1502788454831 1056 4042 -484 16 50 -40
1502788454832 1042 4048 -430 11 8 13
1502788454833 1050 4040 -468 18 44 -51
1502788454834 1060 4038 -424 -1 21 30
1502788454835 1080 4128 -484 27 11 -69
1502788454836 1070 4100 -400 26 31 35
1502788454837 1062 4094 -456 54 6 -44
1502788454838 1030 4118 -404 62 22 -20
1502788454839 1074 4102 -416 60 12 19
1502788454840 1050 4116 -452 67 21 -75
1502788454841 1100 4132 -496 48 11 36
1502788454842 1106 4112 -478 60 -9 -48
1502788454843 1104 4126 -526 39 39 21
1502788454844 1074 4108 -468 64 3 -11
1502788454845 1074 4130 -550 39 -7 -12
1502788454846 1078 4098 -496 61 11 6
1502788454847 1074 4066 -550 21 20 8
1502788454848 1070 4048 -504 46 21 -27
1502788454849 1078 4104 -558 68 13 15
1502788454850 1082 4064 -554 41 14 -28
1502788454851 1066 4078 -526 49 38 -38
1502788454852 1060 4064 -566 7 30 -3
1502788454853 1036 4108 -538 9 36 -45
1502788454854 1090 4088 -526 8 27 5
1502788454855 1076 4080 -478 7 25 -59
1502788454856 1104 4094 -506 -26 44 10
1502788454857 1070 4102 -446 -11 21 -78
1502788454858 1050 4080 -530 -17 48 11
1502788454859 1040 4102 -478 1 28 -49
1502788454860 1084 4108 -404 7 23 -39
1502788454861 1126 4110 -500 -7 17 0
1502788454862 1124 4084 -476 15 33 -57
1502788454863 1090 4088 -494 19 24 23
1502788454864 1048 4066 -410 47 24 -31
1502788454865 1058 4054 -484 43 27 8
1502788454866 1064 4094 -492 69 5 -44
1502788454867 1026 4088 -506 42 7 29
1502788454868 1066 4060 -486 24 25 -36
1502788454869 1092 4090 -478 38 -14 16
1502788454870 1096 4048 -484 48 39 6
1502788454871 1092 4084 -490 52 19 -23
1502788454872 1048 4102 -496 24 29 -3
1502788454873 1052 4092 -534 63 -13 -28
1502788454874 1082 4064 -450 31 19 -8
1502788454875 1076 4124 -506 14 13 -41
1502788454876 1092 4110 -522 1 24 13
1502788454877 1062 4116 -476 18 12 -46
1502788454878 1094 4110 -506 -3 33 26
1502788454879 1116 4118 -534 14 -19 -40
1502788454880 1076 4038 -512 11 29 -2
1502788454881 1070 4104 -534 -3 -5 -22
1502788454882 1072 4098 -452 7 34 -28
1502788454883 1104 4124 -552 -3 -4 12
1502788454884 1078 4072 -514 12 49 -30
1502788454885 1086 4094 -394 -5 -19 30
1502788454886 1094 4066 -506 -12 27 -36
1502788454887 1086 4052 -510 -21 38 14
1502788454888 1082 4068 -482 2 -10 -43
1502788454889 1074 4052 -532 -14 45 15
1502788454890 1080 4092 -458 -3 12 -35
1502788454891 1096 4084 -520 -15 25 -27
1502788454892 1058 4080 -486 5 25 12
1502788454893 1064 4088 -492 6 0 -69
1502788454894 1086 4094 -486 -13 34 51
1502788454895 1084 4088 -454 -7 -3 -57
1502788454896 1088 4094 -422 -14 -4 4
1502788454897 1094 4074 -506 3 30 -9
1502788454898 1080 4070 -494 10 0 -13
1502788454899 1064 4080 -454 16 17 -19
1502788454900 1050 4100 -464 2 -6 4
1502788454901 1058 4074 -450 1 31 -8
1502788454902 1074 4084 -440 0 18 -23
1502788454903 1052 4066 -450 11 32 5
1502788454904 1074 4108 -518 18 0 -25
1502788454905 1050 4064 -478 11 9 27
1502788454906 1088 4078 -458 11 30 -42
1502788454907 1064 4058 -438 10 -1 27
1502788454908 1078 4110 -430 23 18 -52
1502788454909 1082 4048 -490 -6 -13 22
1502788454910 1072 4072 -478 -9 21 -38
1502788454911 1066 4084 -466 -16 10 -20
1502788454912 1068 4064 -478 -19 5 6
1502788454913 1102 4098 -458 -38 22 -45
1502788454914 1076 4090 -462 -14 1 23
1502788454915 1090 4080 -458 5 3 -53
1502788454916 1070 4068 -470 -5 19 -7
1502788454917 1070 4102 -454 18 1 -50
1502788454918 1074 4092 -470 -2 5 20
1502788454919 1084 4060 -464 3 42 -23
1502788454920 1094 4106 -414 -3 -10 -23
1502788454921 1078 4090 -412 18 34 0
1502788454922 1042 4122 -522 7 6 -26
1502788454923 1050 4072 -436 15 13 2
1502788454924 1054 4084 -432 21 35 -47
1502788454925 1056 4088 -424 16 -3 14
1502788454926 1064 4072 -408 46 24 -34
1502788454927 1070 4078 -400 33 32 4
1502788454928 1060 4058 -440 31 -7 -15
1502788454929 1062 4060 -526 19 27 -4
1502788454930 1046 4088 -430 12 -10 -17
1502788454931 1048 4054 -456 -5 32 15
1502788454932 1064 4092 -436 26 13 -45
1502788454933 1054 4072 -512 22 20 2
1502788454934 1022 4108 -472 13 6 7
1502788454935 1072 4084 -504 17 14 -44
1502788454936 1094 4090 -544 22 12 17
1502788454937 1068 4112 -454 9 12 -51
1502788454938 1066 4102 -454 -4 1 26
1502788454939 1054 4124 -492 4 12 -8
1502788454940 1082 4122 -438 -1 23 9
1502788454941 1032 4102 -508 1 7 -22
1502788454942 1068 4084 -418 0 14 1
1502788454943 1050 4106 -442 -6 10 -41
1502788454944 1052 4098 -436 9 -26 -15
1502788454945 1042 4128 -440 1 23 7
1502788454946 1056 4106 -452 23 -2 -49
1502788454947 1060 4078 -452 9 -5 29
1502788454948 1038 4088 -466 48 18 -49
1502788454949 1046 4074 -462 27 -30 28
1502788454950 1062 4108 -454 21 19 -58
1502788454951 1044 4088 -476 -5 -23 45
1502788454952 1050 4088 -442 8 31 -54
1502788454953 1050 4098 -478 6 6 -5
1502788454954 1064 4058 -468 17 28 -6
1502788454955 1044 4098 -416 35 18 -23
1502788454956 1086 4070 -450 40 -18 31
1502788454957 1072 4088 -430 33 35 -54
1502788454958 1062 4072 -554 38 -9 37
1502788454959 1030 4086 -466 47 18 -30
1502788454960 1062 4072 -424 30 26 -2
1502788454961 1058 4092 -478 22 8 -14
1502788454962 1044 4102 -452 44 22 15
1502788454963 1046 4090 -498 35 12 -29
1502788454964 1068 4118 -498 40 17 6
1502788454965 1078 4108 -492 52 24 -11
1502788454966 1066 4104 -468 41 22 -37
1502788454967 1078 4070 -504 17 2 21
1502788454968 1048 4110 -498 18 23 -50
1502788454969 1092 4124 -458 22 -9 11
1502788454970 1070 4100 -480 34 47 -40
1502788454971 1094 4100 -508 -3 -19 1
1502788454972 1064 4120 -522 18 28 -24
1502788454973 1066 4082 -472 4 4 -9
1502788454974 1030 4112 -520 10 28 -8
1502788454975 1052 4092 -470 22 16 -17
1502788454976 1092 4106 -472 23 -2 -21
1502788454977 1078 4074 -492 29 -8 -5
1502788454978 1072 4094 -506 2 22 -7
1502788454979 1070 4062 -494 -3 8 -25
1502788454980 1046 4118 -468 4 19 16
1502788454981 1078 4102 -480 14 17 -44
1502788454982 1040 4064 -458 -9 6 10
1502788454983 1058 4094 -524 7 55 -51
1502788454984 1048 4090 -486 9 -18 21
1502788454985 1074 4108 -432 13 29 -44
1502788454986 1042 4106 -484 20 32 -7
1502788454987 1062 4100 -484 34 16 -3
1502788454988 1086 4092 -526 20 30 -45
1502788454989 1042 4052 -508 16 7 25
1502788454990 1074 4078 -482 23 27 -47
1502788454991 1064 4088 -480 18 25 23
1502788454992 1078 4072 -540 10 -13 -32
1502788454993 1064 4068 -534 22 41 27
1502788454994 1060 4082 -504 14 22 -61
1502788454995 1040 4072 -500 13 -6 35
1502788454996 1072 4086 -436 -3 42 -26
1502788454997 1064 4102 -490 30 10 -26
1502788454998 1084 4086 -490 4 47 14
1502788454999 1076 4092 -480 35 -7 -64
1502788455000 1058 4110 -522 42 27 30
1502788455001 1090 4098 -498 54 10 -42
1502788455002 1064 4110 -466 14 21 -4
1502788455003 1066 4058 -494 39 25 -13
1502788455004 1064 4126 -470 19 29 8
1502788455005 1108 4092 -494 20 7 -33
1502788455006 1072 4106 -524 11 32 4
1502788455007 1074 4088 -484 42 18 -27
1502788455008 1072 4104 -498 36 20 -30
1502788455009 1084 4060 -508 23 6 10
1502788455010 1034 4084 -520 8 35 -41
1502788455011 1086 4064 -464 0 2 20
1502788455012 1090 4104 -492 34 12 -19
1502788455013 1066 4078 -538 7 24 -6
1502788455014 1096 4052 -494 36 19 -35
1502788455015 1080 4062 -490 22 32 -5
1502788455016 1100 4072 -504 13 12 -5
1502788455017 1042 4086 -522 -9 46 -40
1502788455018 1098 4078 -484 6 30 5
1502788455019 1070 4066 -498 0 24 -43
1502788455020 1072 4108 -492 12 4 6
1502788455021 1082 4108 -498 32 10 -42
1502788455022 1080 4074 -512 11 36 14
1502788455023 1058 4100 -504 9 25 -20
1502788455024 1056 4084 -476 -3 18 -9
1502788455025 1064 4100 -538 -11 14 -47
1502788455026 1066 4098 -476 -9 -1 10
1502788455027 1100 4046 -436 -3 28 -41
1502788455028 1032 4108 -438 13 11 14
1502788455029 1008 4108 -490 5 26 -35
1502788455030 1076 4100 -466 0 9 -16
1502788455031 1072 4070 -446 -3 23 -12
1502788455032 1066 4062 -394 -1 14 -35
1502788455033 1086 4090 -524 -20 17 18
1502788455034 1074 4084 -472 9 27 -70
1502788455035 1066 4082 -494 3 -4 20
1502788455036 1064 4092 -484 28 25 -29
1502788455037 1034 4068 -476 9 3 30
1502788455038 1052 4088 -514 22 26 -36
1502788455039 1068 4058 -478 2 7 -25
1502788455040 1094 4072 -526 13 33 25
1502788455041 1070 4080 -450 15 19 -92
1502788455042 1072 4104 -416 28 -8 42
1502788455043 1082 4064 -464 20 49 -42
1502788455044 1084 4072 -410 18 -18 -3
1502788455045 1068 4084 -520 30 47 -8
1502788455046 1074 4062 -368 14 0 -16
1502788455047 1068 4068 -450 27 -12 -23
1502788455048 1062 4078 -514 30 42 -16
1502788455049 1044 4110 -410 44 -3 -28
1502788455050 1058 4082 -478 38 41 -15
1502788455051 1072 4068 -504 1 11 -23
1502788455052 1072 4088 -430 16 10 -30
1502788455053 1058 4078 -526 -13 2 0
1502788455054 1050 4064 -496 13 10 -34
1502788455055 1074 4098 -464 8 7 -9
1502788455056 1024 4112 -496 12 28 -23
1502788455057 1066 4060 -452 29 1 24
1502788455058 1092 4048 -492 33 30 -32
1502788455059 1080 4124 -464 10 10 46
1502788455060 1046 4098 -444 23 8 -40
1502788455061 1048 4098 -492 10 14 -16
1502788455062 1062 4090 -482 18 17 15
1502788455063 1060 4082 -522 44 18 -68
1502788455064 1060 4106 -446 33 16 31
1502788455065 1054 4118 -468 32 16 -70
1502788455066 1062 4118 -440 38 28 8
1502788455067 1102 4070 -416 37 13 -25
1502788455068 1080 4070 -496 10 16 -12
1502788455069 1072 4088 -482 20 28 -16
1502788455070 1068 4088 -402 16 -17 4
1502788455071 1074 4054 -482 17 13 -19
1502788455072 1070 4074 -466 18 0 -22
1502788455073 1080 4058 -446 14 34 12
1502788455074 1054 4106 -508 28 9 -31
1502788455075 1078 4086 -464 14 10 26
1502788455076 1068 4070 -520 6 17 -25
1502788455077 1136 4070 -456 34 8 -49
1502788455078 1106 4098 -478 5 12 20
1502788455079 1076 4078 -486 27 31 -47
1502788455080 1050 4064 -458 9 0 15
1502788455081 1036 4084 -480 25 27 -43
1502788455082 1088 4050 -468 23 -10 21
1502788455083 1040 4068 -536 12 24 -9
1502788455084 1094 4072 -452 31 -18 -4
1502788455085 1060 4100 -494 43 42 -9
1502788455086 1042 4094 -470 43 -5 10
1502788455087 1062 4082 -454 25 29 -4
1502788455088 1036 4062 -470 46 25 -35
1502788455089 1066 4094 -496 25 16 20
1502788455090 1080 4086 -412 30 33 -23
1502788455091 1040 4116 -498 16 3 18
1502788455092 1086 4106 -440 32 25 -43
1502788455093 1062 4106 -512 3 2 18
1502788455094 1044 4070 -462 33 19 -2
1502788455095 1058 4088 -478 32 0 -13
1502788455096 1074 4120 -466 20 -16 2
1502788455097 1052 4064 -508 34 18 -38
1502788455098 1062 4082 -458 16 8 22
1502788455099 1076 4098 -472 37 23 -46
1502788455100 1062 4068 -440 17 5 19
1502788455101 1034 4078 -462 34 8 -34
1502788455102 1058 4062 -476 -5 5 22
1502788455103 1074 4078 -520 5 4 -30
1502788455104 1068 4106 -494 -1 6 24
1502788455105 1096 4086 -466 3 -1 -36
1502788455106 1090 4062 -526 9 3 1
1502788455107 1058 4074 -518 1 35 -18
1502788455108 1050 4068 -458 0 -19 -15
1502788455109 1074 4052 -492 -3 46 1
1502788455110 1042 4090 -466 14 -15 -44
1502788455111 1096 4110 -486 -4 17 24
1502788455112 1070 4060 -500 7 -2 -51
1502788455113 1076 4110 -472 -11 -4 21
1502788455114 1046 4116 -554 13 47 -29
1502788455115 1068 4092 -494 -14 -26 2
1502788455116 1058 4048 -484 -4 43 -10
1502788455117 1042 4080 -398 6 6 -11
1502788455118 1030 4102 -462 -4 8 17
1502788455119 1076 4130 -484 9 17 -44
1502788455120 1084 4094 -532 2 -1 6
1502788455121 1090 4094 -468 9 17 -40
1502788455122 1064 4092 -520 9 -3 22
1502788455123 1030 4078 -522 27 31 -48
1502788455124 1058 4058 -520 18 6 34
1502788455125 1062 4088 -480 17 28 -56
1502788455126 1076 4094 -440 14 -7 -14
1502788455127 1060 4086 -508 24 10 21
1502788455128 1074 4066 -504 40 9 -85
1502788455129 1098 4052 -500 37 8 43
1502788455130 1050 4062 -496 19 17 -49
1502788455131 1054 4108 -512 4 -3 13
1502788455132 1068 4102 -514 8 27 -18
1502788455133 1068 4122 -492 -10 -8 3
1502788455134 1072 4058 -464 -24 58 -19
1502788455135 1072 4090 -444 3 -14 -13
1502788455136 1078 4088 -538 -7 10 -23
1502788455137 1090 4086 -444 -8 24 -17
1502788455138 1016 4090 -476 0 2 -24
1502788455139 1080 4136 -494 7 31 -15
1502788455140 1052 4084 -504 19 29 -6
1502788455141 1056 4086 -472 27 -7 -41
1502788455142 1086 4090 -440 11 19 -5
1502788455143 1070 4072 -520 9 22 -46
1502788455144 1068 4092 -480 -7 17 -1
1502788455145 1038 4104 -544 -16 22 -47
1502788455146 1042 4098 -470 -15 10 12
1502788455147 1052 4094 -510 1 37 -13
1502788455148 1046 4080 -490 -4 27 -9
1502788455149 1080 4116 -496 -10 23 13
1502788455150 1074 4100 -506 14 31 -36
1502788455151 1066 4142 -492 6 7 -2
1502788455152 1066 4102 -466 10 35 -42
1502788455153 1042 4130 -482 -11 -5 -8
1502788455154 1072 4088 -490 8 43 -57
1502788455155 1072 4102 -480 -4 -10 53
1502788455156 1074 4086 -526 13 35 -66
1502788455157 1058 4118 -472 11 40 15
1502788455158 1062 4098 -454 19 19 -36
1502788455159 1088 4090 -514 6 8 -25
1502788455160 1074 4106 -464 16 32 15
1502788455161 1082 4122 -440 21 21 -82
1502788455162 1046 4136 -426 10 22 36
1502788455163 1066 4084 -512 12 -4 -48
1502788455164 1064 4100 -446 -30 11 11
1502788455165 1024 4100 -428 24 37 -25
1502788455166 1052 4110 -410 10 7 16
1502788455167 1058 4068 -496 11 35 -38
1502788455168 1042 4092 -464 3 25 11
1502788455169 1034 4072 -472 10 2 -38
1502788455170 1068 4102 -428 2 29 1
1502788455171 1076 4128 -446 -11 18 -11
1502788455172 1028 4090 -454 -6 37 -32
1502788455173 1054 4066 -462 -3 17 25
1502788455174 1056 4062 -446 5 20 -46
1502788455175 1022 4082 -468 14 39 24
1502788455176 1048 4086 -470 41 7 -73
1502788455177 1078 4108 -538 17 29 33
1502788455178 1056 4106 -456 34 8 -26
1502788455179 1056 4082 -496 38 -7 -44
1502788455180 1082 4094 -480 29 23 25
1502788455181 1066 4080 -486 43 15 -56
1502788455182 1038 4112 -468 32 10 58
1502788455183 1070 4082 -440 51 13 -59
1502788455184 1074 4088 -480 19 8 21
1502788455185 1062 4092 -536 31 33 -6
1502788455186 1062 4084 -442 22 -1 -10
1502788455187 1052 4130 -442 12 30 -22
1502788455188 1074 4090 -478 8 5 9
1502788455189 1062 4052 -464 16 5 -31
1502788455190 1078 4070 -442 13 32 -6
1502788455191 1066 4082 -472 37 -1 15
1502788455192 1064 4072 -454 11 48 -35
1502788455193 1090 4084 -480 12 -14 -12
1502788455194 1060 4034 -464 20 18 -8
1502788455195 1044 4074 -494 -2 24 -12
1502788455196 1056 4074 -476 22 4 -19
1502788455197 1054 4078 -468 -4 20 21
1502788455198 1058 4098 -410 8 6 -57
1502788455199 1080 4086 -484 25 -7 9
1502788455200 1042 4066 -456 19 35 -8
1502788455201 1050 4106 -452 10 -7 -26
1502788455202 1088 4100 -432 48 33 17
1502788455203 1052 4040 -390 52 10 -35
1502788455204 1042 4066 -454 43 -12 4
1502788455205 1088 4074 -428 37 13 -11
1502788455206 1048 4070 -490 21 9 -7
1502788455207 1078 4054 -454 30 1 -10
1502788455208 1068 4062 -452 15 4 5
1502788455209 1070 4106 -500 23 3 -43
1502788455210 1048 4062 -484 46 27 23
1502788455211 1070 4100 -508 31 3 -18
1502788455212 1072 4060 -440 43 -2 -26
1502788455213 1082 4064 -468 40 20 16
1502788455214 1050 4102 -504 18 -1 -43
1502788455215 1058 4086 -410 17 14 15
1502788455216 1030 4090 -562 32 15 -30
1502788455217 1076 4086 -442 2 2 27
1502788455218 1100 4068 -418 15 16 -32
1502788455219 1078 4098 -446 25 27 32
1502788455220 1058 4090 -446 27 -9 -56
1502788455221 1066 4074 -480 30 39 3
1502788455222 1104 4080 -486 6 5 12
1502788455223 1084 4066 -454 14 14 -42
1502788455224 1072 4094 -478 34 24 23
1502788455225 1072 4080 -484 34 4 -69
1502788455226 1064 4094 -504 17 13 17
1502788455227 1088 4098 -470 53 11 -30
1502788455228 1064 4088 -508 34 -2 -3
1502788455229 1088 4098 -478 16 34 -21
1502788455230 1082 4106 -472 12 16 18
1502788455231 1080 4100 -444 26 15 -31
1502788455232 1092 4064 -482 15 2 5
1502788455233 1074 4092 -454 22 22 -35
1502788455234 1072 4108 -500 38 22 -24
1502788455235 1070 4098 -476 30 10 14
1502788455236 1080 4048 -552 25 34 -48
1502788455237 1068 4074 -512 -8 5 15
1502788455238 1050 4094 -540 22 26 -46
1502788455239 1064 4092 -484 -5 -12 19
1502788455240 1046 4104 -470 34 34 -43
1502788455241 1060 4112 -518 35 12 20
1502788455242 1026 4110 -500 29 44 -24
1502788455243 1060 4102 -490 10 15 -13
1502788455244 1070 4122 -534 23 22 2
1502788455245 1056 4080 -486 17 18 -56
1502788455246 1076 4100 -484 -6 47 4
1502788455247 1094 4064 -500 4 -3 -36
1502788455248 1078 4062 -482 7 -3 0
1502788455249 1108 4104 -476 11 37 -36
1502788455250 1072 4068 -558 22 -12 12
1502788455251 1048 4074 -520 37 43 -54
1502788455252 1050 4090 -506 20 25 34
1502788455253 1060 4088 -498 13 4 -66
1502788455254 1078 4066 -572 12 9 -6
1502788455255 1090 4098 -512 18 20 7
1502788455256 1084 4058 -468 25 1 -67
1502788455257 1082 4090 -454 11 17 42
1502788455258 1054 4038 -452 20 28 -86
1502788455259 1072 4080 -512 23 -13 28
1502788455260 1056 4106 -468 35 27 -71
1502788455261 1052 4110 -454 10 18 35
1502788455262 1074 4106 -464 24 16 -30
1502788455263 1078 4088 -490 7 -14 14
1502788455264 1058 4058 -462 15 -6 -7
1502788455265 1064 4090 -484 -4 21 -4
1502788455266 1058 4098 -462 10 -2 -7
1502788455267 1058 4104 -520 32 24 -46
1502788455268 1028 4118 -492 18 -12 14
1502788455269 1046 4102 -510 6 26 -55
1502788455270 1060 4086 -472 -16 13 5
1502788455271 1064 4110 -484 9 33 -32
1502788455272 1070 4144 -484 2 10 28
1502788455273 1088 4098 -512 26 45 -25
1502788455274 1060 4072 -430 11 23 -8
1502788455275 1054 4078 -462 26 -5 -36
1502788455276 1096 4132 -484 8 36 -2
1502788455277 1046 4118 -508 17 -9 -2
1502788455278 1058 4072 -426 -17 33 -33
1502788455279 1066 4080 -476 -9 1 37
1502788455280 1070 4072 -482 5 -2 -69
1502788455281 1070 4074 -506 -14 11 24
1502788455282 1054 4052 -440 -11 7 -56
1502788455283 1060 4074 -492 -12 16 23
1502788455284 1048 4090 -444 -8 16 -31
1502788455285 1068 4084 -480 -22 19 -14
1502788455286 1032 4104 -456 -5 -8 -15
1502788455287 1042 4084 -494 0 51 -4
1502788455288 1060 4084 -470 -6 -12 -32
1502788455289 1064 4094 -478 -14 42 8
1502788455290 1070 4082 -438 -12 -1 -14
1502788455291 1090 4142 -486 -3 37 -44
1502788455292 1034 4098 -484 -12 -10 56
1502788455293 1060 4102 -472 7 20 -99
1502788455294 1072 4064 -552 -6 16 64
1502788455295 1060 4064 -452 31 3 -90
1502788455296 1054 4070 -428 28 17 33
1502788455297 1058 4050 -484 35 11 -16
1502788455298 1054 4026 -454 25 1 -31
1502788455299 1036 4062 -476 27 10 32
1502788455300 1056 4088 -466 37 20 -66
1502788455301 1086 4108 -510 15 10 22
1502788455302 1046 4098 -446 8 21 -47
1502788455303 1054 4092 -436 -2 6 17
1502788455304 1094 4094 -524 -11 41 -35
1502788455305 1060 4104 -452 -4 -7 -6
1502788455306 1092 4068 -450 7 25 -20
1502788455307 1074 4090 -468 17 8 -8
1502788455308 1070 4084 -458 17 34 12
1502788455309 1078 4078 -524 13 4 -55
1502788455310 1060 4072 -480 2 2 46
1502788455311 1032 4098 -452 23 30 -46
1502788455312 1060 4094 -520 5 -8 4
1502788455313 1052 4070 -450 30 19 -21
1502788455314 1064 4074 -506 16 24 -20
1502788455315 1062 4064 -586 18 -11 -17
1502788455316 1048 4052 -462 16 55 1
1502788455317 1078 4078 -456 22 -6 -35
1502788455318 1048 4064 -492 14 29 7
1502788455319 1048 4086 -530 19 29 3
1502788455320 1072 4102 -466 13 -3 -37
1502788455321 1054 4078 -454 17 19 0
1502788455322 1088 4084 -494 42 5 -22
1502788455323 1076 4084 -436 23 -11 0
1502788455324 1064 4106 -426 18 45 -28
1502788455325 1064 4088 -440 -3 0 -2
1502788455326 1060 4044 -462 20 31 -47
1502788455327 1048 4072 -422 25 4 17
1502788455328 1060 4094 -456 12 19 -43
1502788455329 1016 4106 -440 23 -4 30
1502788455330 1038 4118 -532 19 23 -18
1502788455331 1072 4084 -480 34 8 -50
1502788455332 1016 4098 -418 17 2 40
1502788455333 1028 4080 -536 45 42 -69
1502788455334 1034 4052 -464 27 12 38
1502788455335 1054 4074 -442 26 30 -69
1502788455336 1048 4118 -442 -2 29 21
1502788455337 1046 4098 -414 7 20 -41
1502788455338 1062 4116 -442 18 27 -2
1502788455339 1070 4090 -388 35 30 -9
1502788455340 1036 4110 -450 24 20 -40
1502788455341 1114 4084 -456 19 15 19
1502788455342 1072 4104 -480 42 -8 -62
1502788455343 1082 4094 -450 30 34 28
1502788455344 1048 4106 -442 38 -13 -24
1502788455345 1080 4100 -504 30 47 -18
1502788455346 1044 4080 -450 38 -11 -22
1502788455347 1084 4082 -504 4 35 1
1502788455348 1028 4058 -426 19 -14 -31
1502788455349 1076 4082 -478 11 13 -4
1502788455350 1086 4078 -498 15 28 -19
1502788455351 1060 4082 -442 21 14 11
1502788455352 1098 4094 -454 22 13 -13
1502788455353 1074 4084 -540 34 5 -26
1502788455354 1070 4044 -520 38 0 26
1502788455355 1062 4124 -496 38 21 -74
1502788455356 1084 4102 -436 24 38 35
1502788455357 1098 4064 -492 41 10 -47
1502788455358 1070 4098 -454 32 1 18
1502788455359 1086 4078 -508 40 13 -36
1502788455360 1064 4054 -526 29 15 5
1502788455361 1098 4106 -496 22 0 -22
1502788455362 1086 4090 -432 15 36 -49
1502788455363 1048 4108 -538 23 -1 9
1502788455364 1072 4082 -534 35 31 -38
1502788455365 1084 4102 -494 22 12 12
1502788455366 1074 4062 -466 17 0 -38
1502788455367 1086 4108 -468 8 27 5
1502788455368 1084 4084 -496 18 3 -38
1502788455369 1072 4060 -554 15 21 22
1502788455370 1086 4118 -498 6 9 -45
1502788455371 1092 4100 -484 13 -11 -9
1502788455372 1064 4072 -484 7 18 -5
1502788455373 1074 4102 -520 16 9 -18
1502788455374 1034 4102 -510 27 -1 5
1502788455375 1082 4102 -466 13 27 -24
1502788455376 1064 4078 -536 3 -8 7
1502788455377 1068 4100 -456 2 27 -39
1502788455378 1090 4090 -476 16 28 7
1502788455379 1070 4118 -508 -3 38 14
1502788455380 1064 4086 -492 18 -8 -39
1502788455381 1088 4102 -452 1 28 15
1502788455382 1064 4092 -518 32 3 -44
1502788455383 1102 4082 -518 5 -3 5
1502788455384 1062 4080 -494 4 36 0
1502788455385 1050 4108 -508 6 6 -55
1502788455386 1030 4064 -476 16 13 17
1502788455387 1034 4088 -464 29 13 -53
1502788455388 1096 4128 -478 20 24 26
